10110001100010010110111111111111
11111000000000000000101110010100
00100101001101010101111101100101
00111001111000000000000111111111
11111110110010101010111010110010
10001011111010010000111000000000
01111110000000000001110000100100
11101110110001100010100011000000
00001111110000000000001110010111
01101111100000000000011111111111
11111011101010001010100001010000
01111100100101100101001101101000
00101111110000000000111111000000
00000011100101000101010110111110
00000000000111111111111111110000
00000011111100000000000011100101
11010111110110010100110111110100
11011001011101101111100000000000
01111111111111111100000000001111
11000000000000111000011101110011
10101111101010101000000101011001
01000101100101010110111110000000
00000111111111111111101001101000
00110000110110011000000000011111
10000000000001110010111010110010
10101011101010011011001010001101
11110000000000001111111111111111
10110010001111101101010111100111
11110101000000111111000000000000
11100101100101111100010001101011
01010110001100101011100101111111
xxxx
11111000111111111111001111111111
11111110000000100000000000001000
01100000000000000000000000000010
11010000111111111111001000111111
00000000000000000000000000000000
11010000111111111111001000000000
11011111111111111111111111111101
11101111111111111111111111110111