10110001100010010110111111111111
11111000000000000000101110010100
00100101001101010101111101100101
00111001111000000000000111111111
11111110110010101010111010110010
10001011111010010001110100100000
11000000000011111100000000000011
10000100100111011101100011000101
00011000000000011111100000000000
01110010111011011111000000000000
11111111111111110111010100010101
00001110101000001100000111110010
01011001010011011010001110110100
01110111111000000000011111100000
00000001110010100010101011011111
00000000000011111111111111111000
00000001111110000000000001110010
11101011111011001010011011111010
01101100101110110111110000000000
00111111111111111110000000000111
11100000000000011100001110111001
11010111110101010100000011101000
00001101100101000101100101010110
11111000000000000111111111111111
10100110100000110000110110011000
00000001111110000000000001110010
11101011001010101011101010011011
00101000110111110000000000001111
11111111111110110010001111101101
01011110011111110101000000111111
00000000000011100101100101111100
01000110101101010110001110101100
01110101100001001010111001011111
xxxx
11111000111111111111001111111111
11111110000000100000000000001000
01100000000000000000000000000010
11010000111111111111001000111111
00000000000000000000000000000000
11010000111111111111001000000000
11011111111111111111111111111101
11101111111111111111111111110111