10100001100010011110111111111111
11111000000000000000101100010100
00000101010101011101101101000101
01001000000111101000101011101100
10100010100110110110101000000101
11000100100111010101100011001101
00110111010110010111110110010100
11010110000110000011111000001010
00101010110110100001111111111110
01000000000000111011011011101010
01101011101111101110101100101101
10100010101010110110101010100010
11001011111011100011101110011001
01101101011101001000011010001010
01101000101011101111101010101001
00110000110100010111010110010100
01010111011001010101010001010011
01111110110010001111101101010111
10011111001000001010110101000101
10110001000110101001101101000011
11111111110010001111110001011011
01000011101101111100100011111111
xxxx
00000000000000000000000000000000
11111000111111111111001111111111
11111110000000100000000000001000
01100000000000000000000000000010
11011111111111111111111111111101
11101111111111111111111111110111
00000000011111100000000000011100
11111000000000000111111111111111